1014
0 213 189
1 338 140
2 83 62
3 289 336
4 135 116
5 97 297
6 88 105
7 265 394
8 94 264
9 56 344
10 262 261
11 194 280
12 385 303
13 14 170
14 186 262
15 313 120
16 385 270
17 65 283
18 225 160
19 39 330
20 323 222
21 388 369
22 110 89
23 126 161
24 248 259
25 379 189
26 144 332
27 151 234
28 383 109
29 141 124
30 239 64
31 156 336
32 44 75
33 326 217
34 259 77
35 163 306
36 59 261
37 25 266
38 151 160
39 293 155
40 391 350
41 150 90
42 379 246
43 112 354
44 226 15
45 106 289
46 216 108
47 134 328
48 148 232
49 204 293
50 252 230
51 21 97
52 129 352
53 91 6
54 166 291
55 298 298
56 391 127
57 345 61
58 139 35
59 58 220
60 361 17
61 366 391
62 137 285
63 108 248
64 313 136
65 150 152
66 271 0
67 192 229
68 124 118
69 167 303
70 367 333
71 316 271
72 200 259
73 79 366
74 71 94
75 298 230
76 376 2
77 93 256
78 278 219
79 273 72
80 145 292
81 240 103
82 312 226
83 181 263
84 265 168
85 156 305
86 32 358
87 132 364
88 117 112
89 152 180
90 78 86
91 158 48
92 12 119
93 97 175
94 398 141
95 256 248
96 291 364
97 344 291
98 166 1
99 290 98
100 263 264
101 308 292
102 190 329
103 340 399
104 0 295
105 174 1
106 81 250
107 287 296
108 31 332
109 158 229
110 323 390
111 98 268
112 256 225
113 91 148
114 107 20
115 366 312
116 223 379
117 25 86
118 318 274
119 8 245
120 346 328
121 70 177
122 179 164
123 283 305
124 86 170
125 283 272
126 287 1
127 175 262
128 134 78
129 45 19
130 342 170
131 151 295
132 239 139
133 242 258
134 121 176
135 101 315
136 41 158
137 18 15
138 208 34
139 316 20
140 68 129
141 55 366
142 317 91
143 267 42
144 210 270
145 254 121
146 256 254
147 340 176
148 218 299
149 91 34
150 137 162
151 233 330
152 35 222
153 42 376
154 201 84
155 53 120
156 61 87
157 34 313
158 393 2
159 162 48
160 172 15
161 45 72
162 383 327
163 140 198
164 247 315
165 166 236
166 231 330
167 343 27
168 115 147
169 297 356
170 55 59
171 26 258
172 138 80
173 342 115
174 315 83
175 108 312
176 2 181
177 370 88
178 87 277
179 369 337
180 274 206
181 388 268
182 298 170
183 185 115
184 255 133
185 223 159
186 28 271
187 385 138
188 395 32
189 360 324
190 0 24
191 109 117
192 273 74
193 238 134
194 153 366
195 307 350
196 62 34
197 106 279
198 228 140
199 129 100
200 384 261
201 293 212
202 343 201
203 76 374
204 52 240
205 142 210
206 275 335
207 100 150
208 387 361
209 371 76
210 267 353
211 167 96
212 98 340
213 206 319
214 344 121
215 157 98
216 132 336
217 59 35
218 227 104
219 225 244
220 374 174
221 150 40
222 220 191
223 160 160
224 63 268
225 5 75
226 361 74
227 188 243
228 168 153
229 206 118
230 82 276
231 297 112
232 149 259
233 112 125
234 181 318
235 39 308
236 207 134
237 35 344
238 215 276
239 317 214
240 177 102
241 303 28
242 366 59
243 166 392
244 11 307
245 64 162
246 10 322
247 44 243
248 74 322
249 287 352
250 387 55
251 89 60
252 156 0
253 59 285
254 274 70
255 384 193
256 296 389
257 12 334
258 238 171
259 25 285
260 294 291
261 271 21
262 342 154
263 59 242
264 96 33
265 241 367
266 19 54
267 85 260
268 269 226
269 179 108
270 51 222
271 115 280
272 140 35
273 197 189
274 166 157
275 382 138
276 367 36
277 73 219
278 210 182
279 317 390
280 306 192
281 209 99
282 48 362
283 253 196
284 324 281
285 63 341
286 200 180
287 364 356
288 134 163
289 343 49
290 249 375
291 316 235
292 243 147
293 49 198
294 319 193
295 367 315
296 384 20
297 182 389
298 199 237
299 209 318
300 236 65
301 267 131
302 316 373
303 14 253
304 313 253
305 321 300
306 257 229
307 177 112
308 127 65
309 359 93
310 96 79
311 121 111
312 238 226
313 90 116
314 168 318
315 396 109
316 132 312
317 333 72
318 48 323
319 135 119
320 226 168
321 139 332
322 48 175
323 139 154
324 45 178
325 385 282
326 32 357
327 331 168
328 242 278
329 94 206
330 56 157
331 226 127
332 300 81
333 165 167
334 270 317
335 294 216
336 395 189
337 366 10
338 329 114
339 189 354
340 287 332
341 26 259
342 18 116
343 255 173
344 123 246
345 280 111
346 92 212
347 101 30
348 394 145
349 383 167
350 17 269
351 258 358
352 290 138
353 23 359
354 322 379
355 371 154
356 364 359
357 119 195
358 194 24
359 320 182
360 299 195
361 249 220
362 191 16
363 195 7
364 99 175
365 76 340
366 82 357
367 139 379
368 271 161
369 56 139
370 141 31
371 35 353
372 329 302
373 227 136
374 6 199
375 305 369
376 253 62
377 93 85
378 343 146
379 395 80
380 96 186
381 239 372
382 373 74
383 51 254
384 322 227
385 114 60
386 233 13
387 76 301
388 260 169
389 346 58
390 357 219
391 160 249
392 321 119
393 237 355
394 63 146
395 313 356
396 328 44
397 95 249
398 192 47
399 281 261
400 105 302
401 280 354
402 184 348
403 223 62
404 137 241
405 125 62
406 148 143
407 17 87
408 389 356
409 11 240
410 115 238
411 289 4
412 283 174
413 148 279
414 170 271
415 33 362
416 154 301
417 268 182
418 217 360
419 107 242
420 261 16
421 40 355
422 257 246
423 197 204
424 272 322
425 253 131
426 122 103
427 234 18
428 95 173
429 30 105
430 398 356
431 377 52
432 282 318
433 296 288
434 285 340
435 227 383
436 133 311
437 353 38
438 317 123
439 364 390
440 383 220
441 359 150
442 87 209
443 372 354
444 102 363
445 122 284
446 354 222
447 364 120
448 42 142
449 104 328
450 327 37
451 149 212
452 302 192
453 130 130
454 165 379
455 130 58
456 198 206
457 314 93
458 255 110
459 197 206
460 265 141
461 337 256
462 160 181
463 331 320
464 281 302
465 283 111
466 353 87
467 363 151
468 267 177
469 175 63
470 215 220
471 112 307
472 81 44
473 106 210
474 307 36
475 188 117
476 217 160
477 199 141
478 333 201
479 134 307
480 153 359
481 398 205
482 98 165
483 109 198
484 289 73
485 343 119
486 201 342
487 91 173
488 369 142
489 266 362
490 4 214
491 368 1
492 331 335
493 40 306
494 309 130
495 0 232
496 264 200
497 305 365
498 393 216
499 144 136
500 231 82
501 18 149
502 225 48
503 0 114
504 49 100
505 326 45
506 127 332
507 244 301
508 186 220
509 154 277
510 117 24
511 221 34
512 210 383
513 55 284
514 148 216
515 123 173
516 171 186
517 133 91
518 322 374
519 293 133
520 384 28
521 307 211
522 111 278
523 343 178
524 182 90
525 186 23
526 190 267
527 256 148
528 116 110
529 171 170
530 81 13
531 113 267
532 290 57
533 399 183
534 164 55
535 230 207
536 181 85
537 128 58
538 233 234
539 15 222
540 9 254
541 398 321
542 122 118
543 348 364
544 385 391
545 218 395
546 208 322
547 86 233
548 325 204
549 36 382
550 97 378
551 335 13
552 130 278
553 182 260
554 381 41
555 186 116
556 64 382
557 377 42
558 376 48
559 226 161
560 145 174
561 162 45
562 296 146
563 57 185
564 89 46
565 115 73
566 230 299
567 64 236
568 204 376
569 218 150
570 261 246
571 175 304
572 77 336
573 208 8
574 93 101
575 75 23
576 365 116
577 116 286
578 372 69
579 363 261
580 258 301
581 4 170
582 388 220
583 48 399
584 89 218
585 294 72
586 334 382
587 323 119
588 295 119
589 90 215
590 74 11
591 174 91
592 393 147
593 232 54
594 212 266
595 130 348
596 61 243
597 65 376
598 389 20
599 191 377
600 328 55
601 276 280
602 27 268
603 39 372
604 58 80
605 339 170
606 73 270
607 223 76
608 100 266
609 235 300
610 188 38
611 210 18
612 174 245
613 302 162
614 308 184
615 104 22
616 306 32
617 354 388
618 335 143
619 362 368
620 382 62
621 121 218
622 118 2
623 130 150
624 50 90
625 264 220
626 19 20
627 353 31
628 309 298
629 383 65
630 166 261
631 337 323
632 340 357
633 117 108
634 209 167
635 399 132
636 348 18
637 46 381
638 209 1
639 355 161
640 337 202
641 156 374
642 189 224
643 80 28
644 161 108
645 68 377
646 39 336
647 152 377
648 208 295
649 237 144
650 203 346
651 23 123
652 24 355
653 310 155
654 236 90
655 332 339
656 262 283
657 109 199
658 369 316
659 254 254
660 225 372
661 168 138
662 299 167
663 383 318
664 378 131
665 39 132
666 336 136
667 392 214
668 316 196
669 51 136
670 159 394
671 270 167
672 188 375
673 321 372
674 276 339
675 252 207
676 83 363
677 85 331
678 175 251
679 151 128
680 266 284
681 28 83
682 337 356
683 71 144
684 130 334
685 108 329
686 199 266
687 385 11
688 126 266
689 235 145
690 181 50
691 398 360
692 169 165
693 265 33
694 138 303
695 59 190
696 364 204
697 206 157
698 207 54
699 78 245
700 132 240
701 288 10
702 255 196
703 219 6
704 184 337
705 232 273
706 319 251
707 385 249
708 223 158
709 315 358
710 179 25
711 270 174
712 235 80
713 1 124
714 47 237
715 211 80
716 65 277
717 77 202
718 108 375
719 172 71
720 293 146
721 33 78
722 250 108
723 47 199
724 31 394
725 176 27
726 84 136
727 247 141
728 217 39
729 284 130
730 354 220
731 287 305
732 236 374
733 151 54
734 281 265
735 208 380
736 177 61
737 295 318
738 86 88
739 217 163
740 28 26
741 82 300
742 37 344
743 204 253
744 29 338
745 74 333
746 232 96
747 129 165
748 59 385
749 349 321
750 29 315
751 335 329
752 194 63
753 166 307
754 379 178
755 209 121
756 26 109
757 112 368
758 251 277
759 371 125
760 338 233
761 138 83
762 105 361
763 224 148
764 204 11
765 281 142
766 98 194
767 42 80
768 139 230
769 338 246
770 246 180
771 144 221
772 179 130
773 363 27
774 67 329
775 210 141
776 217 283
777 8 173
778 311 358
779 391 299
780 370 239
781 360 229
782 33 173
783 67 75
784 127 47
785 53 127
786 399 18
787 186 202
788 281 380
789 306 64
790 185 184
791 141 128
792 38 382
793 82 69
794 302 281
795 312 136
796 133 283
797 273 49
798 204 331
799 173 227
800 320 371
801 95 279
802 289 382
803 305 37
804 379 16
805 265 185
806 273 198
807 41 50
808 277 163
809 172 198
810 376 31
811 39 294
812 257 177
813 266 98
814 200 286
815 281 306
816 164 102
817 354 275
818 363 104
819 114 209
820 346 217
821 207 145
822 228 329
823 257 37
824 98 35
825 385 77
826 270 261
827 260 32
828 66 81
829 278 211
830 335 39
831 371 228
832 303 170
833 132 320
834 102 60
835 370 351
836 143 320
837 330 383
838 200 93
839 16 111
840 155 378
841 232 377
842 97 282
843 184 322
844 159 361
845 215 361
846 68 58
847 228 43
848 79 53
849 125 19
850 287 348
851 335 164
852 262 15
853 15 370
854 66 21
855 138 6
856 192 84
857 1 220
858 297 38
859 6 305
860 131 275
861 50 117
862 210 294
863 65 69
864 392 49
865 255 244
866 16 292
867 36 306
868 105 264
869 248 346
870 234 7
871 88 246
872 299 178
873 139 15
874 68 240
875 101 306
876 226 160
877 212 341
878 167 340
879 149 66
880 122 97
881 361 368
882 93 305
883 124 140
884 299 166
885 7 227
886 47 223
887 232 163
888 324 15
889 150 259
890 305 20
891 108 322
892 393 361
893 191 182
894 396 50
895 326 254
896 148 279
897 192 360
898 395 205
899 333 325
900 155 386
901 22 344
902 236 180
903 174 74
904 119 55
905 48 171
906 265 155
907 305 235
908 278 346
909 94 324
910 144 368
911 313 270
912 353 346
913 84 265
914 370 99
915 336 376
916 142 278
917 239 106
918 266 34
919 3 184
920 399 293
921 90 283
922 254 60
923 356 312
924 198 207
925 309 371
926 219 25
927 149 112
928 79 294
929 297 247
930 98 58
931 256 237
932 84 97
933 71 220
934 117 337
935 32 47
936 221 320
937 151 248
938 298 248
939 139 127
940 71 311
941 238 114
942 134 137
943 135 80
944 260 54
945 341 384
946 123 204
947 292 38
948 122 243
949 57 232
950 125 188
951 190 106
952 57 375
953 271 163
954 207 222
955 283 49
956 115 388
957 318 215
958 327 241
959 70 241
960 246 161
961 239 284
962 36 315
963 150 127
964 39 374
965 223 174
966 238 320
967 291 377
968 234 243
969 351 336
970 351 44
971 90 4
972 46 207
973 264 69
974 231 135
975 281 121
976 322 179
977 38 398
978 6 45
979 170 305
980 278 183
981 314 59
982 50 132
983 86 18
984 387 390
985 38 194
986 13 128
987 371 70
988 104 149
989 252 367
990 324 217
991 45 15
992 136 10
993 57 258
994 227 253
995 11 101
996 2 220
997 366 86
998 215 287
999 169 386
1000 387 316
1001 372 190
1002 349 365
1003 343 326
1004 57 300
1005 131 215
1006 108 349
1007 318 253
1008 393 24
1009 336 210
1010 219 351
1011 352 36
1012 135 46
1013 292 115